4.81 52.32 5.01 52.42 Amsterdam
4.24 52.03 4.39 52.12 The Hague
1.49 42.48 1.56 42.52 Andorra la Vella
23.61 37.89 23.81 38.06 Athens
20.36 44.75 20.56 44.87 Belgrade
13.27 52.44 13.52 52.59 Berlin
7.41 46.91 7.5 46.98 Bern
17.04 48.1 17.19 48.2 Bratislava
4.29 50.79 4.44 50.9 Brussels
25.96 44.35 26.23 44.52 Bucharest
19 47.46 19.1 47.53 Budapest
28.8 46.99 28.88 47.05 Chisinau
12.41 55.6 12.67 55.77 Copenhagen
-6.33 53.32 -6.19 53.38 Dublin
24.82 60.14 25.07 60.26 Helsinki
30.44 50.4 30.61 50.49 Kiev
-9.23 38.69 -9.08 38.8 Lisbon
14.46 46.03 14.55 46.08 Ljubljana
-0.52 51.28 0.34 51.7 London
6.06 49.56 6.21 49.66 Luxembourg
-3.79 40.27 -3.6 40.5 Madrid
27.47 53.86 27.64 53.95 Minsk
7.38 43.71 7.45 43.76 Monaco
37.35 55.55 37.87 55.92 Moscow
33.28 35.1 33.44 35.22 Nicosia
-51.76 64.16 -51.66 64.2 Nuuk
10.63 59.88 10.83 59.95 Oslo
2.22 48.81 2.47 48.91 Paris
19.21 42.41 19.31 42.48 Podgorica
14.34 50.04 14.51 50.13 Prague
-21.99 64.09 -21.78 64.17 Reykjavik
24.02 56.9 24.17 56.99 Riga
12.34 41.78 12.66 42.01 Rome
12.4 43.89 12.53 44 San Marino
18.3 43.82 18.46 43.89 Sarajevo
21.35 41.96 21.52 42.03 Skopje
23.25 42.65 23.38 42.75 Sofia
17.98 59.28 18.17 59.37 Stockholm
24.64 59.4 24.86 59.47 Tallinn
19.75 41.29 19.88 41.37 Tirana
9.47 47.09 9.55 47.18 Vaduz
14.4 35.8 14.57 35.93 Valletta
16.29 48.15 16.49 48.27 Vienna
25.21 54.64 25.33 54.74 Vilnius
20.91 52.18 21.11 52.3 Warsaw
15.91 45.77 16.05 45.85 Zagreb
12.28 45.41 12.4 45.46 Venice
9.89 53.49 10.13 53.62 Hamburg
20.91 52.18 21.11 52.3 Warsaw
2.1 41.32 2.24 41.44 Barcelona
11.5 48.09 11.65 48.18 Munich
9.1 45.42 9.26 45.53 Milan
14.34 50.04 14.51 50.13 Prague
14.15 40.79 14.38 40.95 Naples
19.88 50.02 20.01 50.1 Kraków
8.6 50.07 8.75 50.15 Frankfurt
