-74.26 40.47 -73.7 40.92 New York
-77.2 38.73 -76.87 39.06 Washington
-87.95 41.64 -87.52 42.03 Chicago
2.22 48.81 2.47 48.91 Paris
-0.52 51.28 0.34 51.7 London (Greater)
-118.62 33.67 -117.88 34.31 Los Angeles
-122.52 37.63 -122.35 37.84 San Francisco
-46.78 -23.71 -46.45 -23.43 Sao Paulo
103.6 1.21 104.05 1.48 Singapore
101.61 3.03 101.76 3.25 Kuala Lumpur
-79.64 43.58 -79.11 43.86 Toronto
116.23 39.74 116.56 40.07 Beijing
121.32 31.06 121.65 31.39 Shanghai
106.64 -6.35 106.98 -6.09 Jakarta
139.52 35.49 140.06 35.87 Tokyo
126.7 37.44 127.15 37.61 Seoul
77.12 28.55 77.32 28.72 Delhi
72.77 18.89 73.15 19.22 Mumbai
-99.3 19.27 -98.97 19.6 Mexico City
120.94 14.42 121.13 14.69 Manila
37.35 55.55 37.87 55.92 Moscow
31.1 29.92 31.59 30.19 Cairo
-58.54 -34.72 -58.33 -34.53 Buenos Aires
90.33 23.69 90.47 23.93 Dhaka
28.75 40.95 29.22 41.12 Istanbul
-43.34 -23 -43.15 -22.82 Rio de Janeiro
3.27 6.39 3.46 6.59 Lagos
-95.58 29.58 -95.13 29.95 Houston
-75.25 39.86 -75 40.04 Philadelphia
-112.43 33.33 -111.78 33.74 Phoenix
-98.68 29.26 -98.3 29.57 San Antonio
-117.27 32.56 -116.98 32.87 San Diego
-71.17 42.28 -70.96 42.46 Boston
-122.46 47.48 -122.22 47.74 Seattle
-97.82 30.2 -97.66 30.34 Austin
-90.29 29.88 -89.91 30.05 New Orleans
-115.35 36.02 -114.99 36.28 Las Vegas
-73.78 45.39 -73.45 45.56 Montreal
-77.13 -12.15 -76.94 -12 Lima
-74.18 4.56 -74.01 4.73 Bogota
114.11 22.19 114.28 22.37 Hong Kong
100.33 13.59 100.66 13.92 Bangkok
106.56 10.67 106.8 10.96 Ho Chi Minh City
105.74 20.94 105.96 21.09 Hanoi
12.34 41.78 12.66 42.01 Rome
150.96 -34.01 151.29 -33.68 Syndney 
13.27 52.44 13.52 52.59 Berlin
-3.79 40.27 -3.6 40.5 Madrid
9.1 45.42 9.26 45.53 Milan
144.77 -37.89 145.21 -37.7 Melbourne
